[[178, 150, 187, 138, 102, 85, 65, 134, 90, 107, 216, 97, 107, 204], [150, 125, 215, 197, 179, 153, 176, 196, 162, 157, 215, 184, 157, 236], [187, 215, 105, 206, 215, 200, 225, 203, 204, 199, 229, 225, 199, 234], [138, 197, 206, 149, 152, 145, 146, 158, 146, 133, 218, 177, 133, 215], [102, 179, 215, 152, 160, 106, 118, 156, 103, 117, 219, 143, 117, 214], [85, 153, 200, 145, 106, 187, 77, 168, 90, 101, 217, 134, 101, 210], [65, 176, 225, 146, 118, 77, 185, 153, 75, 109, 225, 132, 109, 204], [134, 196, 203, 158, 156, 168, 153, 151, 136, 153, 210, 211, 153, 233], [90, 162, 204, 146, 103, 90, 75, 136, 179, 85, 229, 103, 85, 224], [107, 157, 199, 133, 117, 101, 109, 153, 85, 151, 200, 159, 151, 227], [216, 215, 229, 218, 219, 217, 225, 210, 229, 200, 103, 232, 200, 261], [97, 184, 225, 177, 143, 134, 132, 211, 103, 159, 232, 158, 159, 211], [107, 157, 199, 133, 117, 101, 109, 153, 85, 151, 200, 159, 151, 227], [204, 236, 234, 215, 214, 210, 204, 233, 224, 227, 261, 211, 227, 114]]