[[104, 104, 103, 103, 70, 110, 69, 73, 93, 62, 85, 93, 61, 103], [104, 78, 111, 109, 93, 106, 99, 103, 100, 80, 100, 96, 93, 113], [103, 111, 74, 111, 105, 137, 96, 102, 124, 113, 102, 106, 108, 104], [103, 109, 111, 86, 93, 98, 98, 107, 90, 76, 95, 108, 84, 113], [70, 93, 105, 93, 89, 114, 59, 67, 105, 84, 75, 87, 79, 77], [110, 106, 137, 98, 114, 68, 99, 104, 115, 100, 104, 105, 113, 104], [69, 99, 96, 98, 59, 99, 100, 77, 84, 80, 93, 92, 69, 90], [73, 103, 102, 107, 67, 104, 77, 105, 94, 75, 89, 90, 64, 106], [93, 100, 124, 90, 105, 115, 84, 94, 78, 82, 84, 91, 105, 91], [62, 80, 113, 76, 84, 100, 80, 75, 82, 78, 90, 74, 82, 78], [85, 100, 102, 95, 75, 104, 93, 89, 84, 90, 82, 80, 79, 88], [93, 96, 106, 108, 87, 105, 92, 90, 91, 74, 80, 93, 83, 87], [61, 93, 108, 84, 79, 113, 69, 64, 105, 82, 79, 83, 98, 70], [103, 113, 104, 113, 77, 104, 90, 106, 91, 78, 88, 87, 70, 83]]