[[105, 75, 77, 90, 75, 95, 84, 80, 78, 84, 89, 78, 69, 86], [75, 98, 72, 75, 45, 75, 69, 75, 71, 69, 69, 71, 92, 66], [77, 72, 104, 77, 77, 77, 86, 77, 75, 71, 86, 60, 66, 68], [90, 75, 77, 105, 75, 80, 84, 95, 63, 99, 89, 63, 69, 71], [75, 45, 77, 75, 105, 80, 84, 80, 78, 84, 89, 78, 54, 86], [95, 75, 77, 80, 80, 110, 89, 95, 93, 89, 104, 93, 84, 101], [84, 69, 86, 84, 84, 89, 108, 89, 72, 93, 98, 72, 78, 80], [80, 75, 77, 95, 80, 95, 89, 110, 78, 104, 104, 78, 84, 86], [78, 71, 75, 63, 78, 93, 72, 78, 104, 72, 87, 89, 80, 84], [84, 69, 71, 99, 84, 89, 93, 104, 72, 108, 98, 72, 78, 80], [89, 69, 86, 89, 89, 104, 98, 104, 87, 98, 113, 87, 78, 95], [78, 71, 60, 63, 78, 93, 72, 78, 89, 72, 87, 104, 80, 99], [69, 92, 66, 69, 54, 84, 78, 84, 80, 78, 78, 80, 101, 75], [86, 66, 68, 71, 86, 101, 80, 86, 84, 80, 95, 99, 75, 107]]