[[156, 225, 212, 223, 192, 127, 243, 226, 95], [225, 113, 271, 270, 228, 204, 274, 274, 202], [212, 271, 136, 194, 249, 167, 228, 235, 172], [223, 270, 194, 112, 231, 202, 229, 227, 205], [192, 228, 249, 231, 115, 200, 226, 233, 204], [127, 204, 167, 202, 200, 178, 228, 233, 92], [243, 274, 228, 229, 226, 228, 104, 235, 217], [226, 274, 235, 227, 233, 233, 235, 100, 230], [95, 202, 172, 205, 204, 92, 217, 230, 175]]