[[77, 81, 104, 74, 99, 107, 86, 81, 115], [81, 102, 66, 59, 71, 88, 83, 49, 97], [104, 66, 97, 81, 85, 101, 95, 57, 93], [74, 59, 81, 103, 58, 95, 81, 44, 88], [99, 71, 85, 58, 90, 98, 98, 64, 114], [107, 88, 101, 95, 98, 79, 98, 87, 101], [86, 83, 95, 81, 98, 98, 86, 83, 118], [81, 49, 57, 44, 64, 87, 83, 106, 90], [115, 97, 93, 88, 114, 101, 118, 90, 79]]