[[101, 89, 69, 80, 86, 69, 90, 75, 80], [89, 107, 72, 68, 89, 87, 93, 93, 83], [69, 72, 105, 73, 84, 80, 86, 71, 93], [80, 68, 73, 99, 65, 63, 69, 69, 74], [86, 89, 84, 65, 101, 69, 90, 75, 95], [69, 87, 80, 63, 69, 110, 86, 86, 78], [90, 93, 86, 69, 90, 86, 107, 92, 84], [75, 93, 71, 69, 75, 86, 92, 107, 69], [80, 83, 93, 74, 95, 78, 84, 69, 104]]