[[71, 49, 53, 36, 49, 39, 45, 112, 71], [49, 67, 46, 46, 67, 49, 40, 112, 49], [53, 46, 72, 55, 46, 51, 49, 116, 53], [36, 46, 55, 72, 46, 68, 66, 116, 36], [49, 67, 46, 46, 67, 49, 40, 112, 49], [39, 49, 51, 68, 49, 71, 62, 112, 39], [45, 40, 49, 66, 40, 62, 75, 116, 45], [112, 112, 116, 116, 112, 112, 116, 28, 112], [71, 49, 53, 36, 49, 39, 45, 112, 71]]