[[75, 45, 75, 66, 63, 54, 75, 69, 45, 51, 69, 64, 67, 60, 47, 60, 56, 40, 42, 55], [45, 71, 45, 51, 33, 50, 45, 54, 56, 47, 50, 38, 56, 60, 54, 45, 48, 49, 57, 59], [75, 45, 75, 66, 63, 54, 75, 69, 45, 51, 69, 64, 67, 60, 47, 60, 56, 40, 42, 55], [66, 51, 66, 72, 54, 45, 66, 60, 51, 57, 60, 55, 58, 66, 38, 51, 47, 46, 48, 61], [63, 33, 63, 54, 73, 57, 63, 57, 48, 54, 57, 67, 55, 48, 50, 63, 59, 43, 45, 43], [54, 50, 54, 45, 57, 74, 54, 63, 65, 56, 59, 62, 65, 54, 63, 69, 72, 43, 51, 38], [75, 45, 75, 66, 63, 54, 75, 69, 45, 51, 69, 64, 67, 60, 47, 60, 56, 40, 42, 55], [69, 54, 69, 60, 57, 63, 69, 78, 54, 45, 63, 58, 76, 69, 56, 69, 65, 34, 51, 49], [45, 56, 45, 51, 48, 65, 45, 54, 71, 62, 50, 53, 56, 60, 54, 60, 63, 49, 57, 44], [51, 47, 51, 57, 54, 56, 51, 45, 62, 68, 56, 59, 47, 51, 45, 51, 54, 55, 48, 50], [69, 50, 69, 60, 57, 59, 69, 63, 50, 56, 74, 62, 65, 54, 48, 54, 57, 43, 36, 53], [64, 38, 64, 55, 67, 62, 64, 58, 53, 59, 62, 72, 60, 49, 51, 64, 60, 46, 46, 48], [67, 56, 67, 58, 55, 65, 67, 76, 56, 47, 65, 60, 78, 67, 54, 67, 63, 34, 49, 51], [60, 60, 60, 66, 48, 54, 60, 69, 60, 51, 54, 49, 67, 75, 47, 60, 56, 40, 57, 55], [47, 54, 47, 38, 50, 63, 47, 56, 54, 45, 48, 51, 54, 47, 71, 62, 65, 49, 59, 42], [60, 45, 60, 51, 63, 69, 60, 69, 60, 51, 54, 64, 67, 60, 62, 75, 71, 40, 57, 40], [56, 48, 56, 47, 59, 72, 56, 65, 63, 54, 57, 60, 63, 56, 65, 71, 74, 43, 53, 36], [40, 49, 40, 46, 43, 43, 40, 34, 49, 55, 43, 46, 34, 40, 49, 40, 43, 67, 52, 52], [42, 57, 42, 48, 45, 51, 42, 51, 57, 48, 36, 46, 49, 57, 59, 57, 53, 52, 69, 52], [55, 59, 55, 61, 43, 38, 55, 49, 44, 50, 53, 48, 51, 55, 42, 40, 36, 52, 52, 69]]