[[80, 106, 84, 101, 103, 101, 84, 84, 90, 109, 110, 91, 110, 121, 111, 90, 110, 103, 98, 88], [106, 99, 55, 85, 92, 85, 55, 94, 89, 58, 60, 83, 77, 65, 100, 59, 79, 71, 79, 89], [84, 55, 102, 89, 70, 89, 102, 107, 109, 62, 51, 92, 80, 36, 85, 60, 91, 61, 71, 104], [101, 85, 89, 77, 94, 77, 89, 96, 106, 93, 97, 104, 113, 90, 102, 82, 117, 87, 95, 98], [103, 92, 70, 94, 96, 94, 70, 88, 86, 68, 68, 90, 80, 77, 94, 72, 96, 74, 92, 87], [101, 85, 89, 77, 94, 77, 89, 96, 106, 93, 97, 104, 113, 90, 102, 82, 117, 87, 95, 98], [84, 55, 102, 89, 70, 89, 102, 107, 109, 62, 51, 92, 80, 36, 85, 60, 91, 61, 71, 104], [84, 94, 107, 96, 88, 96, 107, 76, 106, 100, 87, 97, 104, 84, 94, 106, 125, 95, 88, 104], [90, 89, 109, 106, 86, 106, 109, 106, 75, 106, 93, 96, 106, 90, 91, 105, 127, 91, 87, 105], [109, 58, 62, 93, 68, 93, 62, 100, 106, 100, 79, 77, 84, 64, 99, 52, 86, 66, 67, 101], [110, 60, 51, 97, 68, 97, 51, 87, 93, 79, 96, 85, 97, 79, 106, 55, 94, 74, 70, 92], [91, 83, 92, 104, 90, 104, 92, 97, 96, 77, 85, 79, 105, 81, 92, 85, 109, 91, 94, 92], [110, 77, 80, 113, 80, 113, 80, 104, 106, 84, 97, 105, 85, 88, 111, 84, 106, 109, 91, 102], [121, 65, 36, 90, 77, 90, 36, 84, 90, 64, 79, 81, 88, 115, 115, 48, 77, 69, 74, 88], [111, 100, 85, 102, 94, 102, 85, 94, 91, 99, 106, 92, 111, 115, 81, 95, 111, 96, 102, 90], [90, 59, 60, 82, 72, 82, 60, 106, 105, 52, 55, 85, 84, 48, 95, 103, 107, 61, 71, 102], [110, 79, 91, 117, 96, 117, 91, 125, 127, 86, 94, 109, 106, 77, 111, 107, 87, 97, 95, 126], [103, 71, 61, 87, 74, 87, 61, 95, 91, 66, 74, 91, 109, 69, 96, 61, 97, 95, 77, 88], [98, 79, 71, 95, 92, 95, 71, 88, 87, 67, 70, 94, 91, 74, 102, 71, 95, 77, 92, 85], [88, 89, 104, 98, 87, 98, 104, 104, 105, 101, 92, 92, 102, 88, 90, 102, 126, 88, 85, 79]]