[[91, 245, 248, 243, 220, 209, 248, 219, 213, 234, 214, 209, 214, 247, 216, 230, 168, 210, 210, 223], [245, 98, 231, 219, 216, 209, 231, 258, 215, 258, 231, 209, 213, 239, 223, 232, 166, 214, 215, 218], [248, 231, 82, 232, 236, 237, 82, 256, 234, 256, 233, 237, 233, 233, 234, 238, 190, 238, 238, 234], [243, 219, 232, 112, 172, 174, 232, 254, 174, 254, 183, 174, 179, 236, 191, 221, 133, 193, 182, 189], [220, 216, 236, 172, 154, 132, 236, 193, 131, 234, 94, 132, 115, 234, 96, 200, 49, 158, 86, 119], [209, 209, 237, 174, 132, 151, 237, 205, 118, 232, 84, 151, 94, 238, 101, 207, 54, 171, 104, 108], [248, 231, 82, 232, 236, 237, 82, 256, 234, 256, 233, 237, 233, 233, 234, 238, 190, 238, 238, 234], [219, 258, 256, 254, 193, 205, 256, 109, 207, 238, 184, 205, 208, 254, 192, 237, 141, 226, 185, 194], [213, 215, 234, 174, 131, 118, 234, 207, 150, 229, 113, 118, 113, 243, 148, 204, 87, 180, 140, 119], [234, 258, 256, 254, 234, 232, 256, 238, 229, 81, 242, 232, 233, 254, 235, 238, 193, 232, 239, 234], [214, 231, 233, 183, 94, 84, 233, 184, 113, 242, 187, 84, 89, 249, 80, 216, 6, 172, 85, 94], [209, 209, 237, 174, 132, 151, 237, 205, 118, 232, 84, 151, 94, 238, 101, 207, 54, 171, 104, 108], [214, 213, 233, 179, 115, 94, 233, 208, 113, 233, 89, 94, 165, 229, 89, 193, 29, 159, 87, 121], [247, 239, 233, 236, 234, 238, 233, 254, 243, 254, 249, 238, 229, 84, 243, 243, 191, 243, 243, 230], [216, 223, 234, 191, 96, 101, 234, 192, 148, 235, 80, 101, 89, 243, 173, 215, 25, 174, 85, 91], [230, 232, 238, 221, 200, 207, 238, 237, 204, 238, 216, 207, 193, 243, 215, 102, 154, 211, 211, 195], [168, 166, 190, 133, 49, 54, 190, 141, 87, 193, 6, 54, 29, 191, 25, 154, 149, 133, 51, 48], [210, 214, 238, 193, 158, 171, 238, 226, 180, 232, 172, 171, 159, 243, 174, 211, 133, 115, 193, 158], [210, 215, 238, 182, 86, 104, 238, 185, 140, 239, 85, 104, 87, 243, 85, 211, 51, 193, 176, 97], [223, 218, 234, 189, 119, 108, 234, 194, 119, 234, 94, 108, 121, 230, 91, 195, 48, 158, 97, 163]]